Can't find feasible solution

Number of initial container : 0
Number of new container : 23
Total number of containers : 23
Level_num : 9
Container_level : [6, 6, 8, 8, 6, 8, 1, 2, 8, 6, 1, 4, 1, 1, 8, 8, 6, 7, 1, 6, 5, 8, 5]
ideal_configuration : 
 [[6. 7. 8. 0. 0. 0.]
 [4. 6. 8. 8. 0. 0.]
 [1. 5. 6. 8. 8. 0.]
 [1. 1. 5. 6. 8. 0.]
 [1. 1. 2. 6. 6. 8.]]
Centroid : {6: (2.1666666666666665, 1.6666666666666667), 8: (3.2857142857142856, 2.142857142857143), 1: (0.4, 0.8), 2: (2.0, 0.0), 4: (0.0, 3.0), 7: (1.0, 4.0), 5: (1.5, 1.5)}
Repeat number : 5
Original weight : [18.02, 17.63, 23.07, 23.94, 18.49, 23.49, 7.09, 9.92, 23.77, 19.42, 6.41, 13.19, 6.24, 6.48, 23.95, 22.08, 18.64, 21.45, 6.77, 17.65, 16.74, 23.03, 15.8]
Group : [0, 0, 0, 0, 0, 0, 0, 0, 0, 0, 0, 0, 0, 0, 0, 0, 0, 0, 0, 0, 0, 0, 0]
Sequence : [1, 2, 3, 4, 5, 6, 7, 8, 9, 10, 11, 12, 13, 14, 15, 16, 17, 18, 19, 20, 21, 22, 23]
Scroe : [18.02, 17.63, 23.07, 23.94, 18.49, 23.49, 7.09, 9.92, 23.77, 19.42, 6.41, 13.19, 6.24, 6.48, 23.95, 22.08, 18.64, 21.45, 6.77, 17.65, 16.74, 23.03, 15.8]
Time taken to solve the MIP model : 775.5947 seconds
---------------------------------
