Can't find feasible solution

Number of initial container : 0
Number of new container : 27
Total number of containers : 27
Level_num : 9
Container_level : [9, 6, 1, 6, 8, 4, 1, 6, 7, 7, 5, 6, 5, 7, 5, 5, 5, 1, 8, 4, 3, 7, 3, 3, 7, 8, 6]
ideal_configuration : 
 [[5. 6. 7. 8. 0. 0.]
 [4. 5. 6. 7. 8. 0.]
 [3. 4. 5. 6. 7. 9.]
 [1. 3. 5. 6. 7. 8.]
 [1. 1. 3. 5. 6. 7.]]
Centroid : {9: (5.0, 2.0), 6: (2.6, 2.0), 1: (0.3333333333333333, 0.3333333333333333), 8: (4.0, 2.6666666666666665), 4: (0.5, 2.5), 7: (3.6, 2.0), 5: (1.6, 2.0), 3: (1.0, 1.0)}
Repeat number : 14
Original weight : [23.67, 16.72, 5.11, 17.53, 22.35, 12.51, 5.04, 18.94, 20.98, 19.1, 16.37, 18.56, 16.58, 19.13, 16.39, 16.24, 15.73, 5.48, 22.52, 14.31, 10.63, 19.4, 10.22, 10.62, 20.57, 21.39, 18.41]
Group : [0, 0, 0, 0, 0, 0, 0, 0, 0, 0, 0, 0, 0, 0, 0, 0, 0, 0, 0, 0, 0, 0, 0, 0, 0, 0, 0]
Sequence : [1, 2, 3, 4, 5, 6, 7, 8, 9, 10, 11, 12, 13, 14, 15, 16, 17, 18, 19, 20, 21, 22, 23, 24, 25, 26, 27]
Scroe : [23.67, 16.72, 5.11, 17.53, 22.35, 12.51, 5.04, 18.94, 20.98, 19.1, 16.37, 18.56, 16.58, 19.13, 16.39, 16.24, 15.73, 5.48, 22.52, 14.31, 10.63, 19.4, 10.22, 10.62, 20.57, 21.39, 18.41]
Time taken to solve the MIP model : 82630.5628 seconds
---------------------------------
